NrThreads: 1
JVSTM queue
Mean: 355
Stdv: 30.4302481094059

NrThreads: 2
JVSTM queue
Mean: 633.6
Stdv: 8.01872807869178

NrThreads: 4
JVSTM queue
Mean: 1528.2
Stdv: 29.1238733687674

NrThreads: 8
JVSTM queue
Mean: 14282
Stdv: 11365.1093923464

